=== Run information ===

Scheme:weka.clusterers.EM -I 100 -N -1 -M 1.0E-6 -S 100
Relation:     MINE-Indicator-2011-1954
Instances:    685
Attributes:   8
              MIC
              MIC-p2
              MAS
              MEV
              MCN
              p
Ignored:
              XVar
              YVar
Test mode:evaluate on training data

=== Model and evaluation on training set ===


EM
==

Number of clusters selected by cross validation: 16


            Cluster
Attribute         0       1       2       3       4       5       6       7       8       9      10      11      12      13      14      15
             (0.09)  (0.03)  (0.07)  (0.04)  (0.04)  (0.11)  (0.12)  (0.02)  (0.13)  (0.05)  (0.07)  (0.03)  (0.03)   (0.1)  (0.07)  (0.02)
============================================================================================================================================
MIC
  mean        0.3578  0.4361   0.573  0.4522  0.5674  0.4498  0.2272  0.2527  0.2785  0.7144  0.4787   0.467  0.6847  0.2332  0.3157  0.9619
  std. dev.   0.0308   0.062  0.0387  0.0564  0.0592  0.0365  0.0216  0.0323  0.0224  0.0787  0.0338  0.0497   0.066  0.0308  0.0406  0.0424

MIC-p2
  mean        0.3212  0.1512  0.3759   0.419  0.3755  0.3313  0.2159  0.2149  0.2542  0.2565  0.4226   0.158  0.2575  0.2214  0.2215  0.0992
  std. dev.   0.0401  0.0858  0.0648  0.0549  0.0673  0.0409  0.0247  0.0622  0.0333  0.0746  0.0352  0.0721  0.1266  0.0274   0.044  0.0775

MAS
  mean        0.0789  0.0556  0.0653  0.1577    0.07  0.0539  0.0376  0.1552  0.0528  0.0718  0.0638  0.0605  0.0756  0.0414  0.0618  0.0371
  std. dev.   0.0319  0.0163  0.0308  0.0712  0.0276  0.0231  0.0131  0.0439  0.0182  0.0253  0.0273  0.0243   0.026  0.0169  0.0296  0.0193

MEV
  mean        0.3455  0.4328  0.5609  0.4381  0.5574  0.4356  0.2157  0.2374  0.2694  0.7098  0.4681  0.4559  0.6784  0.2253   0.306  0.9582
  std. dev.   0.0299  0.0608  0.0395  0.0556   0.059  0.0384  0.0197  0.0322   0.024  0.0755  0.0364  0.0519  0.0626  0.0288  0.0426  0.0442

MCN
  mean         4.274  4.1517  4.3057  4.3175  4.2195  4.2918  4.3509  4.3056  4.3329   4.266  4.2429   4.273   4.344  4.1702  4.2502  4.0984
  std. dev.   0.0963  0.3409  0.0667  0.0963  0.1705  0.1011  0.0583  0.1662  0.0637   0.103  0.1293    0.11  0.0712  0.0068  0.0977  0.3223

p
  mean       -0.1002 -0.5274   0.438  -0.087 -0.4321  0.3363  0.0314 -0.0658 -0.0914  0.6732  0.2131  0.5506 -0.6485 -0.0227  0.2938  0.9269
  std. dev.    0.163  0.0825  0.0719  0.1601  0.0718   0.074  0.1014  0.1828  0.1265  0.0687  0.1032  0.0767  0.0821  0.1064  0.0887  0.0591



Time taken to build model (full training data) : 59.26 seconds

=== Model and evaluation on training set ===

Clustered Instances

 0       60 (  9%)
 1       21 (  3%)
 2       50 (  7%)
 3       27 (  4%)
 4       24 (  4%)
 5       75 ( 11%)
 6       83 ( 12%)
 7       16 (  2%)
 8       87 ( 13%)
 9       36 (  5%)
10       40 (  6%)
11       23 (  3%)
12       17 (  2%)
13       75 ( 11%)
14       38 (  6%)
15       13 (  2%)


Log likelihood: 7.72186

